1 2
2 6
3 20
4 70
5 252
6 924
7 3432
8 12870
1 6
2 90
3 1860
4 44730
5 1172556
6 32496156
7 936369720
8 27770358330
1 20
2 1860
3 297200
4 60871300
5 14367744720
6 3718394156400
7 1026608414145600
8 297348703692826500
1 70
2 44730
3 60871300
4 116963796250
5 273957842462220
6 729833528645228700
7 2128370421607383353400
8 6637298299496411164868250
1 252
2 1172556
3 14367744720
4 273957842462220
5 6736218287430460752
6 195428754450309450171024
7 6368685647203261761403856832
8 226226183763370772622682749527820
1 924
2 32496156
3 3718394156400
4 729833528645228700
5 195428754450309450171024
6 64051375889927380035549804336
7 24197157773366540262083203214418624
8 10156485647319165206190655366818708639900
1 3432
2 936369720
3 1026608414145600
4 2128370421607383353400
5 6368685647203261761403856832
6 24197157773366540262083203214418624
7 108738182111446498614705217754614976371200
8 553419789083994907139302477834526824481001555000
1 12870
2 27770358330
3 297348703692826500
4 6637298299496411164868250
5 226226183763370772622682749527820
6 10156485647319165206190655366818708639900
7 553419789083994907139302477834526824481001555000
8 34812290428176298285394893936773707951192224124239796250